{
 "cells": [
  {
   "cell_type": "markdown",
   "metadata": {},
   "source": [
    "# 1. Importing Libraries"
   ]
  },
  {
   "cell_type": "code",
   "execution_count": 1886,
   "metadata": {},
   "outputs": [],
   "source": [
    "import pandas as pd \n",
    "import numpy as np \n",
    "from sklearn.impute import KNNImputer\n",
    "import matplotlib.pyplot as plt \n",
    "from sklearn.preprocessing import MinMaxScaler\n",
    "from scipy import stats\n",
    "from sklearn.model_selection import KFold, StratifiedKFold, train_test_split, GridSearchCV, cross_val_score\n",
    "import seaborn as sns \n",
    "from sklearn.experimental import enable_iterative_imputer\n",
    "from sklearn.impute import IterativeImputer\n",
    "from sklearn.ensemble import RandomForestClassifier\n",
    "from BorutaShap import BorutaShap\n",
    "from imblearn.combine import SMOTEENN\n",
    "from sklearn import metrics\n",
    "from sklearn.naive_bayes import GaussianNB\n",
    "from sklearn.metrics import accuracy_score, confusion_matrix, ConfusionMatrixDisplay, f1_score, precision_score, recall_score, roc_auc_score, log_loss, cohen_kappa_score, plot_confusion_matrix, PrecisionRecallDisplay\n",
    "from statsmodels.stats.diagnostic import lilliefors\n",
    "import math\n",
    "from feature_engine import transformation as vt\n",
    "from matplotlib.colors import ListedColormap"
   ]
  },
  {
   "cell_type": "markdown",
   "metadata": {},
   "source": [
    "# 2. Reading Data"
   ]
  },
  {
   "cell_type": "code",
   "execution_count": 1822,
   "metadata": {},
   "outputs": [],
   "source": [
    "#this function is to read, transform and join 2 data frame\n",
    "\n",
    "def read_features():\n",
    "    path = 'secom.data'\n",
    "    df = pd.read_csv(path, delimiter=' ', header=None, na_values=['NaN'])\n",
    "    df.columns = ['feature_'+str(x+1) for x in range(len(df.columns))]\n",
    "    return df\n",
    "\n",
    "\n",
    "\n",
    "def read_target():\n",
    "    path = 'secom_labels.data'\n",
    "    df = pd.read_csv(path, delimiter=' ', header=None, na_values=['NaN'])\n",
    "    df.columns = ['status','timestamp']\n",
    "    df['timestamp'] = pd.to_datetime(df['timestamp'],dayfirst=True)\n",
    "    return df\n",
    "\n",
    "#for the testing purporse, trim to remain first 100 rows only\n",
    "X = read_features()\n",
    "y = read_target().iloc[:,0]"
   ]
  },
  {
   "cell_type": "code",
   "execution_count": 1823,
   "metadata": {},
   "outputs": [
    {
     "data": {
      "text/plain": [
       "(1567, 590)"
      ]
     },
     "execution_count": 1823,
     "metadata": {},
     "output_type": "execute_result"
    }
   ],
   "source": [
    "#Row & Columns of Features \n",
    "X.shape"
   ]
  },
  {
   "cell_type": "markdown",
   "metadata": {},
   "source": [
    "# 3. Splitting Training & Testing Data"
   ]
  },
  {
   "cell_type": "code",
   "execution_count": 1824,
   "metadata": {},
   "outputs": [],
   "source": [
    "#Splitting the Data: 80% Training, 20% Testing Data\n",
    "x_train, x_test, y_train, y_test = train_test_split(X, y, test_size = 0.2, random_state = 1,stratify=y)"
   ]
  },
  {
   "cell_type": "code",
   "execution_count": 1825,
   "metadata": {},
   "outputs": [
    {
     "data": {
      "text/plain": [
       "(1253, 590)"
      ]
     },
     "execution_count": 1825,
     "metadata": {},
     "output_type": "execute_result"
    }
   ],
   "source": [
    "#Rows and Columns of X_Train DF\n",
    "x_train.shape"
   ]
  },
  {
   "cell_type": "code",
   "execution_count": 1826,
   "metadata": {},
   "outputs": [
    {
     "data": {
      "text/plain": [
       "(314, 590)"
      ]
     },
     "execution_count": 1826,
     "metadata": {},
     "output_type": "execute_result"
    }
   ],
   "source": [
    "#Rows and Columns of X_Train DF\n",
    "x_test.shape"
   ]
  },
  {
   "cell_type": "markdown",
   "metadata": {},
   "source": [
    "# 4. Reducing Dimensionality"
   ]
  },
  {
   "cell_type": "markdown",
   "metadata": {},
   "source": [
    "## 4.1. Remove duplicated Columns"
   ]
  },
  {
   "cell_type": "code",
   "execution_count": 1827,
   "metadata": {},
   "outputs": [],
   "source": [
    "#Function for finding and removing duplicated columns (features)\n",
    "def remove_duplicated_columns(df):\n",
    "    dict_duplicate_pair = {}\n",
    "    dict_duplicate_matches = {}\n",
    "    list_duplicate = []\n",
    "    to_remove = []\n",
    "    for i in range(0, len(df.columns)):\n",
    "        l = []\n",
    "        for j in range(i+1,len(df.columns)):\n",
    "            dict_duplicate_pair[str(i+1)+';'+str(j+1)] = df.iloc[:,i].equals(df.iloc[:,j])\n",
    "            if df.iloc[:,i].equals(df.iloc[:,j]) == True:\n",
    "                if j not in list_duplicate:\n",
    "                    l.append(j)\n",
    "                    to_remove.append('feature_'+str(j+1))\n",
    "                list_duplicate.append(i)\n",
    "                list_duplicate.append(j)\n",
    "        if len(l)!=0:\n",
    "            dict_duplicate_matches[i] = l\n",
    "\n",
    "\n",
    "    df_duplicate_pair = pd.DataFrame.from_dict(dict_duplicate_pair, orient='index')\n",
    "    df_duplicate_pair.columns=['duplicate']\n",
    "\n",
    "    df_duplicate_matches = pd.DataFrame.from_dict(dict_duplicate_matches, orient='index')\n",
    "\n",
    "    \n",
    "    df = df.drop(columns=to_remove, axis = 1)\n",
    "\n",
    "    return df"
   ]
  },
  {
   "cell_type": "code",
   "execution_count": 1828,
   "metadata": {},
   "outputs": [
    {
     "data": {
      "text/plain": [
       "(1253, 486)"
      ]
     },
     "execution_count": 1828,
     "metadata": {},
     "output_type": "execute_result"
    }
   ],
   "source": [
    "#Using Function on x_train & printing new shape of dataframe after transformation \n",
    "x_train = remove_duplicated_columns(x_train)\n",
    "x_train.shape"
   ]
  },
  {
   "cell_type": "markdown",
   "metadata": {},
   "source": [
    "## 4.2. Removing Features with Constant Volatility"
   ]
  },
  {
   "cell_type": "code",
   "execution_count": 1829,
   "metadata": {},
   "outputs": [],
   "source": [
    "#Defining function to find and remove features with zero standard deviation \n",
    "def remove_constant_volatility(df):\n",
    "    df_EDA= df.describe().T\n",
    "    df_EDA= df_EDA[df_EDA[\"std\"] == 0]\n",
    "    df = df.drop(axis=1, columns=df_EDA.index)\n",
    "    return df"
   ]
  },
  {
   "cell_type": "code",
   "execution_count": 1830,
   "metadata": {},
   "outputs": [
    {
     "data": {
      "text/plain": [
       "(1253, 474)"
      ]
     },
     "execution_count": 1830,
     "metadata": {},
     "output_type": "execute_result"
    }
   ],
   "source": [
    "#Using Function on x_train & printing new shape of dataframe after transformation \n",
    "x_train = remove_constant_volatility(x_train)\n",
    "x_train.shape"
   ]
  },
  {
   "cell_type": "markdown",
   "metadata": {},
   "source": [
    "## 4.3. Remove Features with high % of Missing Values"
   ]
  },
  {
   "cell_type": "code",
   "execution_count": 1831,
   "metadata": {},
   "outputs": [],
   "source": [
    "#Defining function to remove features with a given % of missing values \n",
    "def remove_cols_with_high_pct_null(df, null_threshold):\n",
    "    list_column_with_pct_null = pd.concat([df.isnull().sum(), df.isnull().sum()/df.shape[0]],axis=1).rename(columns={0:'Missing_Records', 1:'Percentage (%)'})\n",
    "    list_column_with_pct_null= list_column_with_pct_null[list_column_with_pct_null[\"Percentage (%)\"] >= null_threshold]\n",
    "    df = df.drop(axis=1, columns=list_column_with_pct_null.index)\n",
    "    return df"
   ]
  },
  {
   "cell_type": "code",
   "execution_count": 1832,
   "metadata": {},
   "outputs": [
    {
     "data": {
      "text/plain": [
       "(1253, 466)"
      ]
     },
     "execution_count": 1832,
     "metadata": {},
     "output_type": "execute_result"
    }
   ],
   "source": [
    "#Using Function on x_train & printing new shape of dataframe after transformation \n",
    "x_train = remove_cols_with_high_pct_null(x_train, 0.8)\n",
    "x_train.shape"
   ]
  },
  {
   "cell_type": "markdown",
   "metadata": {},
   "source": [
    "# 5. Outlier & Missing Value Treatment"
   ]
  },
  {
   "cell_type": "code",
   "execution_count": 1833,
   "metadata": {},
   "outputs": [],
   "source": [
    "#Definition of Functiom\n",
    "def outlier_clamp(df):\n",
    "    for col in df.columns:\n",
    "        ll_col = df[col].mean() - 2 * df[col].std()\n",
    "        ul_col = df[col].mean() + 2 * df[col].std()\n",
    "        df[col] = np.where(df[col]>ul_col,ul_col,np.where(df[col]<ll_col,ll_col,df[col]))\n",
    "    return df"
   ]
  },
  {
   "cell_type": "code",
   "execution_count": 1834,
   "metadata": {},
   "outputs": [],
   "source": [
    "x_train = outlier_clamp(x_train)"
   ]
  },
  {
   "cell_type": "code",
   "execution_count": 1835,
   "metadata": {},
   "outputs": [],
   "source": [
    "#KNN only distance\n",
    "def knndistance(df):\n",
    "    scaler = MinMaxScaler()\n",
    "    df = pd.DataFrame(scaler.fit_transform(df), columns= df.columns)\n",
    "    #KNN Imputation \n",
    "    knn = KNNImputer(n_neighbors=5, weights='distance')\n",
    "    df = pd.DataFrame(knn.fit_transform(df), columns=df.columns)\n",
    "    #Reverse Scaling\n",
    "    df = pd.DataFrame(scaler.inverse_transform(df), columns= df.columns)\n",
    "    return df  "
   ]
  },
  {
   "cell_type": "code",
   "execution_count": 1836,
   "metadata": {},
   "outputs": [],
   "source": [
    "x_train = knndistance(x_train)"
   ]
  },
  {
   "cell_type": "markdown",
   "metadata": {},
   "source": [
    "#Function to drop Outliers and impute Missing Values with KNN \n",
    "def outlierknn(df):\n",
    "    #Outlier treatment first:\n",
    "    for col in df.columns:\n",
    "          ll_col = df[col].mean() - 3 * df[col].std()\n",
    "          ul_col = df[col].mean() + 3 * df[col].std()\n",
    "          df[col] = np.where(df[col]>ul_col,np.NaN,np.where(df[col]<ll_col,np.NaN,df[col]))\n",
    "    #Scaling data \n",
    "    scaler = MinMaxScaler()\n",
    "    df = pd.DataFrame(scaler.fit_transform(df), columns= df.columns)\n",
    "    #KNN Imputation\n",
    "    knn = KNNImputer(n_neighbors=3, weights='distance')\n",
    "    df = pd.DataFrame(knn.fit_transform(df), columns=df.columns)\n",
    "    #Reverse Scaling\n",
    "    df = pd.DataFrame(scaler.inverse_transform(df), columns= df.columns)\n",
    "    return df  "
   ]
  },
  {
   "cell_type": "markdown",
   "metadata": {},
   "source": [
    "#Using function above on x_train\n",
    "x_train = outlierknn(x_train)"
   ]
  },
  {
   "cell_type": "markdown",
   "metadata": {},
   "source": [
    "# 6. Feature Selection"
   ]
  },
  {
   "cell_type": "code",
   "execution_count": 1837,
   "metadata": {},
   "outputs": [],
   "source": [
    "#This is BorutaShap with TENTATIVE features\n",
    "\n",
    "#list_method=['shap','gini']\n",
    "\n",
    "def BorutaShap_FS (X, y,method_option) :\n",
    "    #modelshap = RandomForestClassifier(n_jobs=-1,n_estimators=100, class_weight='balanced_subsample', max_depth=5, random_state=100)\n",
    "    modelshap = RandomForestClassifier(n_jobs=-1,n_estimators=100, max_depth=5, random_state=100)\n",
    "\n",
    "    # define model for resp. classifier\n",
    "    modelshap.fit(X,y)\n",
    "    feature_names = np.array(X.columns)\n",
    "    # define Boruta Sahp feature selection method\n",
    "    feature_selector = BorutaShap(model=modelshap,\n",
    "                              importance_measure=method_option,\n",
    "                              classification=True)  # find all relevant features\n",
    "    feature_selector.fit(X,y,n_trials=100,sample = False, verbose = False,random_state=100)  \n",
    "    #feature_selector.plot(which_features='accepted',figsize=(20,10))\n",
    "    tentative=X.loc[:,feature_selector.tentative]\n",
    "    selected=feature_selector.Subset()\n",
    "    selten=pd.concat([selected,tentative],axis=1)\n",
    "    # call transform() on X to filter it down to selected features\n",
    "    return  selten"
   ]
  },
  {
   "cell_type": "code",
   "execution_count": 1838,
   "metadata": {},
   "outputs": [
    {
     "data": {
      "application/vnd.jupyter.widget-view+json": {
       "model_id": "011e3f3f310c46b0977c8e89e9683c23",
       "version_major": 2,
       "version_minor": 0
      },
      "text/plain": [
       "  0%|          | 0/100 [00:00<?, ?it/s]"
      ]
     },
     "metadata": {},
     "output_type": "display_data"
    }
   ],
   "source": [
    "x_train = BorutaShap_FS(x_train,y_train,'shap')"
   ]
  },
  {
   "cell_type": "code",
   "execution_count": 1839,
   "metadata": {},
   "outputs": [
    {
     "data": {
      "text/plain": [
       "(1253, 18)"
      ]
     },
     "execution_count": 1839,
     "metadata": {},
     "output_type": "execute_result"
    }
   ],
   "source": [
    "#Shape of x_train after Feature Selection\n",
    "x_train.shape"
   ]
  },
  {
   "cell_type": "code",
   "execution_count": 1840,
   "metadata": {},
   "outputs": [
    {
     "data": {
      "text/html": [
       "<div>\n",
       "<style scoped>\n",
       "    .dataframe tbody tr th:only-of-type {\n",
       "        vertical-align: middle;\n",
       "    }\n",
       "\n",
       "    .dataframe tbody tr th {\n",
       "        vertical-align: top;\n",
       "    }\n",
       "\n",
       "    .dataframe thead th {\n",
       "        text-align: right;\n",
       "    }\n",
       "</style>\n",
       "<table border=\"1\" class=\"dataframe\">\n",
       "  <thead>\n",
       "    <tr style=\"text-align: right;\">\n",
       "      <th></th>\n",
       "      <th>feature_478</th>\n",
       "      <th>feature_206</th>\n",
       "      <th>feature_60</th>\n",
       "      <th>feature_283</th>\n",
       "      <th>feature_34</th>\n",
       "      <th>feature_66</th>\n",
       "      <th>feature_300</th>\n",
       "      <th>feature_342</th>\n",
       "      <th>feature_124</th>\n",
       "      <th>feature_299</th>\n",
       "      <th>feature_349</th>\n",
       "      <th>feature_65</th>\n",
       "      <th>feature_435</th>\n",
       "      <th>feature_164</th>\n",
       "      <th>feature_332</th>\n",
       "      <th>feature_22</th>\n",
       "      <th>feature_442</th>\n",
       "      <th>feature_511</th>\n",
       "    </tr>\n",
       "  </thead>\n",
       "  <tbody>\n",
       "    <tr>\n",
       "      <th>feature_478</th>\n",
       "      <td>1.000000</td>\n",
       "      <td>0.991267</td>\n",
       "      <td>0.225665</td>\n",
       "      <td>0.104271</td>\n",
       "      <td>0.088570</td>\n",
       "      <td>0.070453</td>\n",
       "      <td>-0.000140</td>\n",
       "      <td>0.972450</td>\n",
       "      <td>-0.016543</td>\n",
       "      <td>-0.001226</td>\n",
       "      <td>0.054330</td>\n",
       "      <td>0.001830</td>\n",
       "      <td>0.013147</td>\n",
       "      <td>-0.000958</td>\n",
       "      <td>-0.074695</td>\n",
       "      <td>-0.087549</td>\n",
       "      <td>0.069783</td>\n",
       "      <td>0.130019</td>\n",
       "    </tr>\n",
       "    <tr>\n",
       "      <th>feature_206</th>\n",
       "      <td>0.991267</td>\n",
       "      <td>1.000000</td>\n",
       "      <td>0.222141</td>\n",
       "      <td>0.109624</td>\n",
       "      <td>0.086516</td>\n",
       "      <td>0.064311</td>\n",
       "      <td>0.003006</td>\n",
       "      <td>0.971290</td>\n",
       "      <td>-0.013497</td>\n",
       "      <td>0.000270</td>\n",
       "      <td>0.058743</td>\n",
       "      <td>-0.002962</td>\n",
       "      <td>0.015505</td>\n",
       "      <td>0.000477</td>\n",
       "      <td>-0.077133</td>\n",
       "      <td>-0.085964</td>\n",
       "      <td>0.078001</td>\n",
       "      <td>0.130955</td>\n",
       "    </tr>\n",
       "    <tr>\n",
       "      <th>feature_60</th>\n",
       "      <td>0.225665</td>\n",
       "      <td>0.222141</td>\n",
       "      <td>1.000000</td>\n",
       "      <td>0.234155</td>\n",
       "      <td>0.151461</td>\n",
       "      <td>-0.367557</td>\n",
       "      <td>0.124491</td>\n",
       "      <td>0.213030</td>\n",
       "      <td>0.058482</td>\n",
       "      <td>0.101985</td>\n",
       "      <td>0.263898</td>\n",
       "      <td>-0.442174</td>\n",
       "      <td>0.154792</td>\n",
       "      <td>0.094562</td>\n",
       "      <td>-0.012312</td>\n",
       "      <td>-0.059998</td>\n",
       "      <td>0.116086</td>\n",
       "      <td>0.275770</td>\n",
       "    </tr>\n",
       "    <tr>\n",
       "      <th>feature_283</th>\n",
       "      <td>0.104271</td>\n",
       "      <td>0.109624</td>\n",
       "      <td>0.234155</td>\n",
       "      <td>1.000000</td>\n",
       "      <td>0.015524</td>\n",
       "      <td>0.025666</td>\n",
       "      <td>0.056296</td>\n",
       "      <td>0.108212</td>\n",
       "      <td>0.018455</td>\n",
       "      <td>0.008004</td>\n",
       "      <td>0.148143</td>\n",
       "      <td>0.010418</td>\n",
       "      <td>0.066486</td>\n",
       "      <td>0.001214</td>\n",
       "      <td>-0.010994</td>\n",
       "      <td>-0.068091</td>\n",
       "      <td>0.038029</td>\n",
       "      <td>0.150484</td>\n",
       "    </tr>\n",
       "    <tr>\n",
       "      <th>feature_34</th>\n",
       "      <td>0.088570</td>\n",
       "      <td>0.086516</td>\n",
       "      <td>0.151461</td>\n",
       "      <td>0.015524</td>\n",
       "      <td>1.000000</td>\n",
       "      <td>0.076105</td>\n",
       "      <td>-0.004521</td>\n",
       "      <td>0.095850</td>\n",
       "      <td>0.082126</td>\n",
       "      <td>-0.030413</td>\n",
       "      <td>0.079629</td>\n",
       "      <td>0.069285</td>\n",
       "      <td>0.014279</td>\n",
       "      <td>-0.031891</td>\n",
       "      <td>0.018617</td>\n",
       "      <td>-0.054129</td>\n",
       "      <td>-0.171898</td>\n",
       "      <td>0.081629</td>\n",
       "    </tr>\n",
       "    <tr>\n",
       "      <th>feature_66</th>\n",
       "      <td>0.070453</td>\n",
       "      <td>0.064311</td>\n",
       "      <td>-0.367557</td>\n",
       "      <td>0.025666</td>\n",
       "      <td>0.076105</td>\n",
       "      <td>1.000000</td>\n",
       "      <td>0.128358</td>\n",
       "      <td>0.078145</td>\n",
       "      <td>-0.075159</td>\n",
       "      <td>0.097396</td>\n",
       "      <td>0.038244</td>\n",
       "      <td>0.929922</td>\n",
       "      <td>0.121280</td>\n",
       "      <td>0.075921</td>\n",
       "      <td>-0.102256</td>\n",
       "      <td>0.082394</td>\n",
       "      <td>0.000345</td>\n",
       "      <td>0.138749</td>\n",
       "    </tr>\n",
       "    <tr>\n",
       "      <th>feature_300</th>\n",
       "      <td>-0.000140</td>\n",
       "      <td>0.003006</td>\n",
       "      <td>0.124491</td>\n",
       "      <td>0.056296</td>\n",
       "      <td>-0.004521</td>\n",
       "      <td>0.128358</td>\n",
       "      <td>1.000000</td>\n",
       "      <td>0.006598</td>\n",
       "      <td>-0.040784</td>\n",
       "      <td>0.729528</td>\n",
       "      <td>0.082498</td>\n",
       "      <td>0.111564</td>\n",
       "      <td>0.907933</td>\n",
       "      <td>0.671424</td>\n",
       "      <td>-0.058130</td>\n",
       "      <td>0.421756</td>\n",
       "      <td>-0.014783</td>\n",
       "      <td>0.147169</td>\n",
       "    </tr>\n",
       "    <tr>\n",
       "      <th>feature_342</th>\n",
       "      <td>0.972450</td>\n",
       "      <td>0.971290</td>\n",
       "      <td>0.213030</td>\n",
       "      <td>0.108212</td>\n",
       "      <td>0.095850</td>\n",
       "      <td>0.078145</td>\n",
       "      <td>0.006598</td>\n",
       "      <td>1.000000</td>\n",
       "      <td>-0.028372</td>\n",
       "      <td>0.001610</td>\n",
       "      <td>0.051204</td>\n",
       "      <td>0.015313</td>\n",
       "      <td>0.014011</td>\n",
       "      <td>0.002768</td>\n",
       "      <td>-0.098062</td>\n",
       "      <td>-0.080120</td>\n",
       "      <td>0.069584</td>\n",
       "      <td>0.129544</td>\n",
       "    </tr>\n",
       "    <tr>\n",
       "      <th>feature_124</th>\n",
       "      <td>-0.016543</td>\n",
       "      <td>-0.013497</td>\n",
       "      <td>0.058482</td>\n",
       "      <td>0.018455</td>\n",
       "      <td>0.082126</td>\n",
       "      <td>-0.075159</td>\n",
       "      <td>-0.040784</td>\n",
       "      <td>-0.028372</td>\n",
       "      <td>1.000000</td>\n",
       "      <td>-0.011607</td>\n",
       "      <td>0.015073</td>\n",
       "      <td>-0.070255</td>\n",
       "      <td>-0.007802</td>\n",
       "      <td>-0.007033</td>\n",
       "      <td>0.082148</td>\n",
       "      <td>-0.074747</td>\n",
       "      <td>0.028177</td>\n",
       "      <td>0.027688</td>\n",
       "    </tr>\n",
       "    <tr>\n",
       "      <th>feature_299</th>\n",
       "      <td>-0.001226</td>\n",
       "      <td>0.000270</td>\n",
       "      <td>0.101985</td>\n",
       "      <td>0.008004</td>\n",
       "      <td>-0.030413</td>\n",
       "      <td>0.097396</td>\n",
       "      <td>0.729528</td>\n",
       "      <td>0.001610</td>\n",
       "      <td>-0.011607</td>\n",
       "      <td>1.000000</td>\n",
       "      <td>0.052638</td>\n",
       "      <td>0.079370</td>\n",
       "      <td>0.872670</td>\n",
       "      <td>0.988125</td>\n",
       "      <td>-0.039690</td>\n",
       "      <td>0.404651</td>\n",
       "      <td>-0.048967</td>\n",
       "      <td>0.085206</td>\n",
       "    </tr>\n",
       "    <tr>\n",
       "      <th>feature_349</th>\n",
       "      <td>0.054330</td>\n",
       "      <td>0.058743</td>\n",
       "      <td>0.263898</td>\n",
       "      <td>0.148143</td>\n",
       "      <td>0.079629</td>\n",
       "      <td>0.038244</td>\n",
       "      <td>0.082498</td>\n",
       "      <td>0.051204</td>\n",
       "      <td>0.015073</td>\n",
       "      <td>0.052638</td>\n",
       "      <td>1.000000</td>\n",
       "      <td>0.010859</td>\n",
       "      <td>0.095281</td>\n",
       "      <td>0.044427</td>\n",
       "      <td>-0.057238</td>\n",
       "      <td>-0.032948</td>\n",
       "      <td>0.021227</td>\n",
       "      <td>0.159862</td>\n",
       "    </tr>\n",
       "    <tr>\n",
       "      <th>feature_65</th>\n",
       "      <td>0.001830</td>\n",
       "      <td>-0.002962</td>\n",
       "      <td>-0.442174</td>\n",
       "      <td>0.010418</td>\n",
       "      <td>0.069285</td>\n",
       "      <td>0.929922</td>\n",
       "      <td>0.111564</td>\n",
       "      <td>0.015313</td>\n",
       "      <td>-0.070255</td>\n",
       "      <td>0.079370</td>\n",
       "      <td>0.010859</td>\n",
       "      <td>1.000000</td>\n",
       "      <td>0.099300</td>\n",
       "      <td>0.056914</td>\n",
       "      <td>-0.062362</td>\n",
       "      <td>0.105666</td>\n",
       "      <td>-0.021208</td>\n",
       "      <td>0.094379</td>\n",
       "    </tr>\n",
       "    <tr>\n",
       "      <th>feature_435</th>\n",
       "      <td>0.013147</td>\n",
       "      <td>0.015505</td>\n",
       "      <td>0.154792</td>\n",
       "      <td>0.066486</td>\n",
       "      <td>0.014279</td>\n",
       "      <td>0.121280</td>\n",
       "      <td>0.907933</td>\n",
       "      <td>0.014011</td>\n",
       "      <td>-0.007802</td>\n",
       "      <td>0.872670</td>\n",
       "      <td>0.095281</td>\n",
       "      <td>0.099300</td>\n",
       "      <td>1.000000</td>\n",
       "      <td>0.833100</td>\n",
       "      <td>-0.033620</td>\n",
       "      <td>0.324102</td>\n",
       "      <td>-0.010267</td>\n",
       "      <td>0.146074</td>\n",
       "    </tr>\n",
       "    <tr>\n",
       "      <th>feature_164</th>\n",
       "      <td>-0.000958</td>\n",
       "      <td>0.000477</td>\n",
       "      <td>0.094562</td>\n",
       "      <td>0.001214</td>\n",
       "      <td>-0.031891</td>\n",
       "      <td>0.075921</td>\n",
       "      <td>0.671424</td>\n",
       "      <td>0.002768</td>\n",
       "      <td>-0.007033</td>\n",
       "      <td>0.988125</td>\n",
       "      <td>0.044427</td>\n",
       "      <td>0.056914</td>\n",
       "      <td>0.833100</td>\n",
       "      <td>1.000000</td>\n",
       "      <td>-0.041884</td>\n",
       "      <td>0.366160</td>\n",
       "      <td>-0.058379</td>\n",
       "      <td>0.061998</td>\n",
       "    </tr>\n",
       "    <tr>\n",
       "      <th>feature_332</th>\n",
       "      <td>-0.074695</td>\n",
       "      <td>-0.077133</td>\n",
       "      <td>-0.012312</td>\n",
       "      <td>-0.010994</td>\n",
       "      <td>0.018617</td>\n",
       "      <td>-0.102256</td>\n",
       "      <td>-0.058130</td>\n",
       "      <td>-0.098062</td>\n",
       "      <td>0.082148</td>\n",
       "      <td>-0.039690</td>\n",
       "      <td>-0.057238</td>\n",
       "      <td>-0.062362</td>\n",
       "      <td>-0.033620</td>\n",
       "      <td>-0.041884</td>\n",
       "      <td>1.000000</td>\n",
       "      <td>-0.029750</td>\n",
       "      <td>0.070522</td>\n",
       "      <td>0.020736</td>\n",
       "    </tr>\n",
       "    <tr>\n",
       "      <th>feature_22</th>\n",
       "      <td>-0.087549</td>\n",
       "      <td>-0.085964</td>\n",
       "      <td>-0.059998</td>\n",
       "      <td>-0.068091</td>\n",
       "      <td>-0.054129</td>\n",
       "      <td>0.082394</td>\n",
       "      <td>0.421756</td>\n",
       "      <td>-0.080120</td>\n",
       "      <td>-0.074747</td>\n",
       "      <td>0.404651</td>\n",
       "      <td>-0.032948</td>\n",
       "      <td>0.105666</td>\n",
       "      <td>0.324102</td>\n",
       "      <td>0.366160</td>\n",
       "      <td>-0.029750</td>\n",
       "      <td>1.000000</td>\n",
       "      <td>-0.060436</td>\n",
       "      <td>0.000314</td>\n",
       "    </tr>\n",
       "    <tr>\n",
       "      <th>feature_442</th>\n",
       "      <td>0.069783</td>\n",
       "      <td>0.078001</td>\n",
       "      <td>0.116086</td>\n",
       "      <td>0.038029</td>\n",
       "      <td>-0.171898</td>\n",
       "      <td>0.000345</td>\n",
       "      <td>-0.014783</td>\n",
       "      <td>0.069584</td>\n",
       "      <td>0.028177</td>\n",
       "      <td>-0.048967</td>\n",
       "      <td>0.021227</td>\n",
       "      <td>-0.021208</td>\n",
       "      <td>-0.010267</td>\n",
       "      <td>-0.058379</td>\n",
       "      <td>0.070522</td>\n",
       "      <td>-0.060436</td>\n",
       "      <td>1.000000</td>\n",
       "      <td>0.159945</td>\n",
       "    </tr>\n",
       "    <tr>\n",
       "      <th>feature_511</th>\n",
       "      <td>0.130019</td>\n",
       "      <td>0.130955</td>\n",
       "      <td>0.275770</td>\n",
       "      <td>0.150484</td>\n",
       "      <td>0.081629</td>\n",
       "      <td>0.138749</td>\n",
       "      <td>0.147169</td>\n",
       "      <td>0.129544</td>\n",
       "      <td>0.027688</td>\n",
       "      <td>0.085206</td>\n",
       "      <td>0.159862</td>\n",
       "      <td>0.094379</td>\n",
       "      <td>0.146074</td>\n",
       "      <td>0.061998</td>\n",
       "      <td>0.020736</td>\n",
       "      <td>0.000314</td>\n",
       "      <td>0.159945</td>\n",
       "      <td>1.000000</td>\n",
       "    </tr>\n",
       "  </tbody>\n",
       "</table>\n",
       "</div>"
      ],
      "text/plain": [
       "             feature_478  feature_206  feature_60  feature_283  feature_34  \\\n",
       "feature_478     1.000000     0.991267    0.225665     0.104271    0.088570   \n",
       "feature_206     0.991267     1.000000    0.222141     0.109624    0.086516   \n",
       "feature_60      0.225665     0.222141    1.000000     0.234155    0.151461   \n",
       "feature_283     0.104271     0.109624    0.234155     1.000000    0.015524   \n",
       "feature_34      0.088570     0.086516    0.151461     0.015524    1.000000   \n",
       "feature_66      0.070453     0.064311   -0.367557     0.025666    0.076105   \n",
       "feature_300    -0.000140     0.003006    0.124491     0.056296   -0.004521   \n",
       "feature_342     0.972450     0.971290    0.213030     0.108212    0.095850   \n",
       "feature_124    -0.016543    -0.013497    0.058482     0.018455    0.082126   \n",
       "feature_299    -0.001226     0.000270    0.101985     0.008004   -0.030413   \n",
       "feature_349     0.054330     0.058743    0.263898     0.148143    0.079629   \n",
       "feature_65      0.001830    -0.002962   -0.442174     0.010418    0.069285   \n",
       "feature_435     0.013147     0.015505    0.154792     0.066486    0.014279   \n",
       "feature_164    -0.000958     0.000477    0.094562     0.001214   -0.031891   \n",
       "feature_332    -0.074695    -0.077133   -0.012312    -0.010994    0.018617   \n",
       "feature_22     -0.087549    -0.085964   -0.059998    -0.068091   -0.054129   \n",
       "feature_442     0.069783     0.078001    0.116086     0.038029   -0.171898   \n",
       "feature_511     0.130019     0.130955    0.275770     0.150484    0.081629   \n",
       "\n",
       "             feature_66  feature_300  feature_342  feature_124  feature_299  \\\n",
       "feature_478    0.070453    -0.000140     0.972450    -0.016543    -0.001226   \n",
       "feature_206    0.064311     0.003006     0.971290    -0.013497     0.000270   \n",
       "feature_60    -0.367557     0.124491     0.213030     0.058482     0.101985   \n",
       "feature_283    0.025666     0.056296     0.108212     0.018455     0.008004   \n",
       "feature_34     0.076105    -0.004521     0.095850     0.082126    -0.030413   \n",
       "feature_66     1.000000     0.128358     0.078145    -0.075159     0.097396   \n",
       "feature_300    0.128358     1.000000     0.006598    -0.040784     0.729528   \n",
       "feature_342    0.078145     0.006598     1.000000    -0.028372     0.001610   \n",
       "feature_124   -0.075159    -0.040784    -0.028372     1.000000    -0.011607   \n",
       "feature_299    0.097396     0.729528     0.001610    -0.011607     1.000000   \n",
       "feature_349    0.038244     0.082498     0.051204     0.015073     0.052638   \n",
       "feature_65     0.929922     0.111564     0.015313    -0.070255     0.079370   \n",
       "feature_435    0.121280     0.907933     0.014011    -0.007802     0.872670   \n",
       "feature_164    0.075921     0.671424     0.002768    -0.007033     0.988125   \n",
       "feature_332   -0.102256    -0.058130    -0.098062     0.082148    -0.039690   \n",
       "feature_22     0.082394     0.421756    -0.080120    -0.074747     0.404651   \n",
       "feature_442    0.000345    -0.014783     0.069584     0.028177    -0.048967   \n",
       "feature_511    0.138749     0.147169     0.129544     0.027688     0.085206   \n",
       "\n",
       "             feature_349  feature_65  feature_435  feature_164  feature_332  \\\n",
       "feature_478     0.054330    0.001830     0.013147    -0.000958    -0.074695   \n",
       "feature_206     0.058743   -0.002962     0.015505     0.000477    -0.077133   \n",
       "feature_60      0.263898   -0.442174     0.154792     0.094562    -0.012312   \n",
       "feature_283     0.148143    0.010418     0.066486     0.001214    -0.010994   \n",
       "feature_34      0.079629    0.069285     0.014279    -0.031891     0.018617   \n",
       "feature_66      0.038244    0.929922     0.121280     0.075921    -0.102256   \n",
       "feature_300     0.082498    0.111564     0.907933     0.671424    -0.058130   \n",
       "feature_342     0.051204    0.015313     0.014011     0.002768    -0.098062   \n",
       "feature_124     0.015073   -0.070255    -0.007802    -0.007033     0.082148   \n",
       "feature_299     0.052638    0.079370     0.872670     0.988125    -0.039690   \n",
       "feature_349     1.000000    0.010859     0.095281     0.044427    -0.057238   \n",
       "feature_65      0.010859    1.000000     0.099300     0.056914    -0.062362   \n",
       "feature_435     0.095281    0.099300     1.000000     0.833100    -0.033620   \n",
       "feature_164     0.044427    0.056914     0.833100     1.000000    -0.041884   \n",
       "feature_332    -0.057238   -0.062362    -0.033620    -0.041884     1.000000   \n",
       "feature_22     -0.032948    0.105666     0.324102     0.366160    -0.029750   \n",
       "feature_442     0.021227   -0.021208    -0.010267    -0.058379     0.070522   \n",
       "feature_511     0.159862    0.094379     0.146074     0.061998     0.020736   \n",
       "\n",
       "             feature_22  feature_442  feature_511  \n",
       "feature_478   -0.087549     0.069783     0.130019  \n",
       "feature_206   -0.085964     0.078001     0.130955  \n",
       "feature_60    -0.059998     0.116086     0.275770  \n",
       "feature_283   -0.068091     0.038029     0.150484  \n",
       "feature_34    -0.054129    -0.171898     0.081629  \n",
       "feature_66     0.082394     0.000345     0.138749  \n",
       "feature_300    0.421756    -0.014783     0.147169  \n",
       "feature_342   -0.080120     0.069584     0.129544  \n",
       "feature_124   -0.074747     0.028177     0.027688  \n",
       "feature_299    0.404651    -0.048967     0.085206  \n",
       "feature_349   -0.032948     0.021227     0.159862  \n",
       "feature_65     0.105666    -0.021208     0.094379  \n",
       "feature_435    0.324102    -0.010267     0.146074  \n",
       "feature_164    0.366160    -0.058379     0.061998  \n",
       "feature_332   -0.029750     0.070522     0.020736  \n",
       "feature_22     1.000000    -0.060436     0.000314  \n",
       "feature_442   -0.060436     1.000000     0.159945  \n",
       "feature_511    0.000314     0.159945     1.000000  "
      ]
     },
     "execution_count": 1840,
     "metadata": {},
     "output_type": "execute_result"
    }
   ],
   "source": [
    "#Correlation Matrix of Remaining Features\n",
    "x_train.corr()"
   ]
  },
  {
   "cell_type": "code",
   "execution_count": 1841,
   "metadata": {},
   "outputs": [
    {
     "data": {
      "text/plain": [
       "Text(0.5, 1.0, 'Correlation of remaining Features')"
      ]
     },
     "execution_count": 1841,
     "metadata": {},
     "output_type": "execute_result"
    },
    {
     "data": {
